0.5098039215686274,0.6039215686274509,0.5607843137254902,0.43529411764705883,0.4823529411764706,0.615686274509804,0.5882352941176471,0.5450980392156862,0.6823529411764706,0.5215686274509804,0.3058823529411765,0.5882352941176471,0.7686274509803922,0.5686274509803921,0.596078431372549,0.44313725490196076,0.4,0.45098039215686275,0.5372549019607843,0.5568627450980392,0.5647058823529412,0.43137254901960786,0.32941176470588235,0.3843137254901961,0.3058823529411765,0.33725490196078434,0.2627450980392157,0.2627450980392157,0.24705882352941178,0.28627450980392155,0.43137254901960786,0.4392156862745098
0.48627450980392156,0.5372549019607843,0.5411764705882353,0.41568627450980394,0.4627450980392157,0.592156862745098,0.5176470588235295,0.6666666666666666,0.7411764705882353,0.5411764705882353,0.40784313725490196,0.6470588235294118,0.7725490196078432,0.5568627450980392,0.5215686274509804,0.4549019607843137,0.4392156862745098,0.43137254901960786,0.5098039215686274,0.6862745098039216,0.7058823529411765,0.5137254901960784,0.3803921568627451,0.41568627450980394,0.3843137254901961,0.36470588235294116,0.3764705882352941,0.29411764705882354,0.3333333333333333,0.30980392156862746,0.3568627450980392,0.3764705882352941
0.4745098039215686,0.49019607843137253,0.5686274509803921,0.396078431372549,0.43529411764705883,0.6588235294117647,0.615686274509804,0.792156862745098,0.8666666666666667,0.7098039215686275,0.5529411764705883,0.6549019607843137,0.6588235294117647,0.47843137254901963,0.34509803921568627,0.38823529411764707,0.44313725490196076,0.5254901960784314,0.49019607843137253,0.4823529411764706,0.6039215686274509,0.5607843137254902,0.43137254901960786,0.5372549019607843,0.40784313725490196,0.27058823529411763,0.3803921568627451,0.27450980392156865,0.396078431372549,0.3254901960784314,0.30196078431372547,0.4549019607843137
0.43529411764705883,0.4980392156862745,0.615686274509804,0.4549019607843137,0.3607843137254902,0.7254901960784313,0.7764705882352941,0.8,0.792156862745098,0.611764705882353,0.49411764705882355,0.6078431372549019,0.4196078431372549,0.38823529411764707,0.3843137254901961,0.3215686274509804,0.29411764705882354,0.3686274509803922,0.3607843137254902,0.3686274509803922,0.45098039215686275,0.5411764705882353,0.4235294117647059,0.5333333333333333,0.40784313725490196,0.3058823529411765,0.3764705882352941,0.19215686274509805,0.28627450980392155,0.396078431372549,0.36470588235294116,0.3843137254901961
0.403921568627451,0.45098039215686275,0.6235294117647059,0.5450980392156862,0.5568627450980392,0.6980392156862745,0.7333333333333333,0.8549019607843137,0.7450980392156863,0.6588235294117647,0.5803921568627451,0.4470588235294118,0.39215686274509803,0.42745098039215684,0.3568627450980392,0.20392156862745098,0.19215686274509805,0.27058823529411763,0.23137254901960785,0.29411764705882354,0.39215686274509803,0.3411764705882353,0.29411764705882354,0.34509803921568627,0.3176470588235294,0.25098039215686274,0.34509803921568627,0.19607843137254902,0.27058823529411763,0.39215686274509803,0.4196078431372549,0.4196078431372549
0.4,0.4235294117647059,0.6470588235294118,0.596078431372549,0.7098039215686275,0.7294117647058823,0.6549019607843137,0.615686274509804,0.6274509803921569,0.615686274509804,0.40784313725490196,0.40784313725490196,0.4235294117647059,0.3176470588235294,0.23529411764705882,0.16862745098039217,0.2235294117647059,0.24313725490196078,0.1843137254901961,0.2196078431372549,0.32941176470588235,0.3333333333333333,0.3686274509803922,0.29411764705882354,0.33725490196078434,0.20392156862745098,0.30980392156862746,0.3176470588235294,0.33725490196078434,0.3803921568627451,0.3568627450980392,0.4666666666666667
0.39215686274509803,0.45098039215686275,0.6509803921568628,0.6078431372549019,0.7411764705882353,0.7686274509803922,0.596078431372549,0.43137254901960786,0.5882352941176471,0.4588235294117647,0.3568627450980392,0.33725490196078434,0.3333333333333333,0.28627450980392155,0.20784313725490197,0.19607843137254902,0.20392156862745098,0.23921568627450981,0.19607843137254902,0.20392156862745098,0.30196078431372547,0.39215686274509803,0.44313725490196076,0.4392156862745098,0.3058823529411765,0.20784313725490197,0.5411764705882353,0.6431372549019608,0.33725490196078434,0.3176470588235294,0.29411764705882354,0.43529411764705883
0.35294117647058826,0.3803921568627451,0.6078431372549019,0.5764705882352941,0.7215686274509804,0.807843137254902,0.6862745098039216,0.4235294117647059,0.4745098039215686,0.35294117647058826,0.2980392156862745,0.21176470588235294,0.2235294117647059,0.17647058823529413,0.20784313725490197,0.2627450980392157,0.23529411764705882,0.23921568627450981,0.20392156862745098,0.23137254901960785,0.23921568627450981,0.3568627450980392,0.43137254901960786,0.5098039215686274,0.3843137254901961,0.29411764705882354,0.6313725490196078,0.7215686274509804,0.3843137254901961,0.396078431372549,0.3333333333333333,0.43137254901960786
0.37254901960784315,0.396078431372549,0.47058823529411764,0.4470588235294118,0.6392156862745098,0.8313725490196079,0.5058823529411764,0.3254901960784314,0.3411764705882353,0.24705882352941178,0.20392156862745098,0.20392156862745098,0.19607843137254902,0.2,0.21568627450980393,0.2235294117647059,0.25882352941176473,0.30980392156862746,0.25882352941176473,0.20392156862745098,0.24313725490196078,0.37254901960784315,0.3411764705882353,0.4392156862745098,0.4588235294117647,0.34901960784313724,0.3215686274509804,0.2549019607843137,0.19607843137254902,0.42745098039215684,0.4,0.2784313725490196
0.4235294117647059,0.39215686274509803,0.4,0.39215686274509803,0.5882352941176471,0.611764705882353,0.2627450980392157,0.23529411764705882,0.23137254901960785,0.23921568627450981,0.26666666666666666,0.2901960784313726,0.3137254901960784,0.2823529411764706,0.21176470588235294,0.27058823529411763,0.3411764705882353,0.32941176470588235,0.23921568627450981,0.21176470588235294,0.2549019607843137,0.3058823529411765,0.2980392156862745,0.27450980392156865,0.4392156862745098,0.36470588235294116,0.2901960784313726,0.22745098039215686,0.21176470588235294,0.2784313725490196,0.6196078431372549,0.42745098039215684
0.403921568627451,0.26666666666666666,0.34901960784313724,0.2823529411764706,0.5254901960784314,0.3803921568627451,0.2196078431372549,0.24313725490196078,0.27058823529411763,0.23529411764705882,0.25882352941176473,0.3137254901960784,0.3215686274509804,0.25882352941176473,0.3333333333333333,0.44313725490196076,0.4666666666666667,0.4196078431372549,0.2784313725490196,0.3215686274509804,0.4470588235294118,0.4470588235294118,0.3254901960784314,0.23137254901960785,0.2196078431372549,0.3333333333333333,0.39215686274509803,0.34509803921568627,0.25098039215686274,0.2901960784313726,0.7843137254901961,0.5764705882352941
0.3803921568627451,0.3137254901960784,0.4,0.3176470588235294,0.45098039215686275,0.4392156862745098,0.27058823529411763,0.27450980392156865,0.36470588235294116,0.2823529411764706,0.30980392156862746,0.396078431372549,0.33725490196078434,0.3137254901960784,0.4588235294117647,0.5137254901960784,0.40784313725490196,0.41568627450980394,0.3333333333333333,0.41568627450980394,0.5294117647058824,0.45098039215686275,0.3568627450980392,0.2823529411764706,0.3215686274509804,0.27450980392156865,0.37254901960784315,0.4745098039215686,0.3607843137254902,0.23921568627450981,0.4823529411764706,0.43137254901960786
0.36470588235294116,0.3058823529411765,0.396078431372549,0.4470588235294118,0.43137254901960786,0.3803921568627451,0.32941176470588235,0.3686274509803922,0.34509803921568627,0.3176470588235294,0.35294117647058826,0.5372549019607843,0.5529411764705883,0.5294117647058824,0.4666666666666667,0.48627450980392156,0.3803921568627451,0.3254901960784314,0.3215686274509804,0.5411764705882353,0.5490196078431373,0.4745098039215686,0.3568627450980392,0.3176470588235294,0.3333333333333333,0.2235294117647059,0.3058823529411765,0.47843137254901963,0.6313725490196078,0.3803921568627451,0.17647058823529413,0.38823529411764707
0.2901960784313726,0.23137254901960785,0.3568627450980392,0.47058823529411764,0.47058823529411764,0.41568627450980394,0.3137254901960784,0.28627450980392155,0.3215686274509804,0.3764705882352941,0.36470588235294116,0.40784313725490196,0.5137254901960784,0.4627450980392157,0.43529411764705883,0.5529411764705883,0.5176470588235295,0.4,0.47058823529411764,0.6078431372549019,0.5529411764705883,0.47843137254901963,0.41568627450980394,0.3215686274509804,0.34901960784313724,0.24313725490196078,0.43529411764705883,0.592156862745098,0.6,0.49411764705882355,0.17254901960784313,0.2980392156862745
0.28627450980392155,0.34901960784313724,0.3411764705882353,0.4392156862745098,0.3686274509803922,0.4117647058823529,0.3607843137254902,0.2823529411764706,0.2823529411764706,0.3137254901960784,0.3333333333333333,0.37254901960784315,0.4196078431372549,0.3137254901960784,0.44313725490196076,0.6196078431372549,0.5372549019607843,0.5254901960784314,0.5607843137254902,0.5137254901960784,0.5215686274509804,0.4392156862745098,0.3843137254901961,0.2901960784313726,0.2784313725490196,0.3137254901960784,0.47843137254901963,0.6901960784313725,0.6549019607843137,0.47843137254901963,0.19215686274509805,0.2
0.26666666666666666,0.4392156862745098,0.37254901960784315,0.3176470588235294,0.23921568627450981,0.34509803921568627,0.4,0.27450980392156865,0.2,0.2627450980392157,0.3568627450980392,0.43137254901960786,0.4549019607843137,0.44313725490196076,0.5411764705882353,0.6470588235294118,0.4745098039215686,0.4196078431372549,0.34901960784313724,0.403921568627451,0.4549019607843137,0.39215686274509803,0.3254901960784314,0.27058823529411763,0.3411764705882353,0.4235294117647059,0.45098039215686275,0.6,0.7176470588235294,0.5882352941176471,0.29411764705882354,0.21176470588235294
0.23137254901960785,0.4666666666666667,0.396078431372549,0.21176470588235294,0.23529411764705882,0.30980392156862746,0.3254901960784314,0.30980392156862746,0.30196078431372547,0.36470588235294116,0.34509803921568627,0.3137254901960784,0.33725490196078434,0.47058823529411764,0.5803921568627451,0.6078431372549019,0.47058823529411764,0.36470588235294116,0.3215686274509804,0.3686274509803922,0.41568627450980394,0.30196078431372547,0.20784313725490197,0.27450980392156865,0.4392156862745098,0.49019607843137253,0.47058823529411764,0.615686274509804,0.7333333333333333,0.6235294117647059,0.24705882352941178,0.15294117647058825
0.25098039215686274,0.37254901960784315,0.2980392156862745,0.23137254901960785,0.18823529411764706,0.23921568627450981,0.24313725490196078,0.25882352941176473,0.3764705882352941,0.43529411764705883,0.4666666666666667,0.396078431372549,0.3137254901960784,0.29411764705882354,0.5529411764705883,0.5803921568627451,0.35294117647058826,0.30980392156862746,0.39215686274509803,0.4588235294117647,0.4470588235294118,0.3215686274509804,0.26666666666666666,0.3411764705882353,0.5333333333333333,0.5019607843137255,0.3568627450980392,0.6235294117647059,0.7372549019607844,0.592156862745098,0.2549019607843137,0.1607843137254902
0.2784313725490196,0.3333333333333333,0.29411764705882354,0.2235294117647059,0.15294117647058825,0.22745098039215686,0.36470588235294116,0.2,0.22745098039215686,0.34509803921568627,0.5254901960784314,0.4823529411764706,0.3254901960784314,0.40784313725490196,0.5607843137254902,0.4627450980392157,0.30196078431372547,0.4627450980392157,0.6352941176470588,0.6235294117647059,0.48627450980392156,0.47058823529411764,0.4588235294117647,0.4588235294117647,0.5843137254901961,0.4,0.3686274509803922,0.5725490196078431,0.6862745098039216,0.6274509803921569,0.2784313725490196,0.1568627450980392
0.39215686274509803,0.38823529411764707,0.3568627450980392,0.24313725490196078,0.17647058823529413,0.27058823529411763,0.47058823529411764,0.22745098039215686,0.1607843137254902,0.2823529411764706,0.5450980392156862,0.43529411764705883,0.2901960784313726,0.49411764705882355,0.6078431372549019,0.47058823529411764,0.43529411764705883,0.4392156862745098,0.615686274509804,0.5686274509803921,0.4627450980392157,0.4470588235294118,0.42745098039215684,0.4392156862745098,0.38823529411764707,0.3176470588235294,0.5254901960784314,0.6039215686274509,0.6235294117647059,0.6392156862745098,0.40784313725490196,0.15294117647058825
0.34509803921568627,0.4549019607843137,0.44313725490196076,0.2901960784313726,0.2235294117647059,0.2784313725490196,0.43529411764705883,0.4117647058823529,0.14901960784313725,0.2,0.4745098039215686,0.4823529411764706,0.403921568627451,0.5372549019607843,0.6274509803921569,0.5843137254901961,0.5019607843137255,0.43137254901960786,0.6352941176470588,0.611764705882353,0.45098039215686275,0.36470588235294116,0.3058823529411765,0.28627450980392155,0.26666666666666666,0.2901960784313726,0.5568627450980392,0.7215686274509804,0.7294117647058823,0.6705882352941176,0.5450980392156862,0.30980392156862746
0.2980392156862745,0.43137254901960786,0.4588235294117647,0.41568627450980394,0.34509803921568627,0.3686274509803922,0.43137254901960786,0.5607843137254902,0.3058823529411765,0.1843137254901961,0.3764705882352941,0.5058823529411764,0.3843137254901961,0.5725490196078431,0.7568627450980392,0.6392156862745098,0.5098039215686274,0.5137254901960784,0.5019607843137255,0.3568627450980392,0.20392156862745098,0.2235294117647059,0.23137254901960785,0.25882352941176473,0.29411764705882354,0.2980392156862745,0.5411764705882353,0.6705882352941176,0.7529411764705882,0.6901960784313725,0.5843137254901961,0.32941176470588235
0.3333333333333333,0.32941176470588235,0.403921568627451,0.28627450980392155,0.3411764705882353,0.34901960784313724,0.38823529411764707,0.5294117647058824,0.5450980392156862,0.3058823529411765,0.4470588235294118,0.5764705882352941,0.43529411764705883,0.5568627450980392,0.8274509803921568,0.5803921568627451,0.396078431372549,0.4627450980392157,0.4235294117647059,0.34509803921568627,0.21176470588235294,0.1607843137254902,0.2784313725490196,0.34901960784313724,0.35294117647058826,0.3607843137254902,0.6941176470588235,0.7647058823529411,0.788235294117647,0.6862745098039216,0.5843137254901961,0.36470588235294116
0.3058823529411765,0.3411764705882353,0.38823529411764707,0.32941176470588235,0.3137254901960784,0.2823529411764706,0.34509803921568627,0.49019607843137253,0.6470588235294118,0.3568627450980392,0.2901960784313726,0.5137254901960784,0.4235294117647059,0.6196078431372549,0.8470588235294118,0.5568627450980392,0.3333333333333333,0.44313725490196076,0.36470588235294116,0.3176470588235294,0.3411764705882353,0.3843137254901961,0.4,0.33725490196078434,0.38823529411764707,0.2980392156862745,0.6745098039215687,0.7803921568627451,0.7372549019607844,0.6588235294117647,0.7137254901960784,0.4549019607843137
0.2823529411764706,0.2823529411764706,0.35294117647058826,0.43529411764705883,0.28627450980392155,0.3058823529411765,0.3568627450980392,0.4745098039215686,0.5764705882352941,0.41568627450980394,0.22745098039215686,0.3568627450980392,0.34509803921568627,0.5529411764705883,0.6470588235294118,0.4666666666666667,0.37254901960784315,0.36470588235294116,0.21176470588235294,0.3803921568627451,0.44313725490196076,0.5137254901960784,0.33725490196078434,0.5058823529411764,0.4,0.2980392156862745,0.7058823529411765,0.7372549019607844,0.7019607843137254,0.7137254901960784,0.7568627450980392,0.5372549019607843
0.2901960784313726,0.21176470588235294,0.2627450980392157,0.43137254901960786,0.3568627450980392,0.3333333333333333,0.24705882352941178,0.2980392156862745,0.4470588235294118,0.38823529411764707,0.396078431372549,0.3254901960784314,0.21568627450980393,0.4666666666666667,0.4823529411764706,0.30980392156862746,0.24705882352941178,0.2627450980392157,0.3764705882352941,0.39215686274509803,0.2784313725490196,0.27450980392156865,0.35294117647058826,0.7098039215686275,0.5529411764705883,0.3803921568627451,0.6549019607843137,0.7568627450980392,0.7254901960784313,0.7450980392156863,0.7098039215686275,0.6039215686274509
0.3686274509803922,0.2980392156862745,0.2823529411764706,0.5137254901960784,0.33725490196078434,0.24705882352941178,0.19607843137254902,0.20784313725490197,0.2980392156862745,0.25098039215686274,0.3176470588235294,0.3411764705882353,0.17254901960784313,0.4,0.4666666666666667,0.30980392156862746,0.23529411764705882,0.3686274509803922,0.4235294117647059,0.20784313725490197,0.24313725490196078,0.25098039215686274,0.3843137254901961,0.6313725490196078,0.5647058823529412,0.3215686274509804,0.5254901960784314,0.7254901960784313,0.7254901960784313,0.7137254901960784,0.6823529411764706,0.6941176470588235
0.41568627450980394,0.3411764705882353,0.3333333333333333,0.5254901960784314,0.38823529411764707,0.29411764705882354,0.20784313725490197,0.19607843137254902,0.17254901960784313,0.1607843137254902,0.12549019607843137,0.19215686274509805,0.2627450980392157,0.23137254901960785,0.22745098039215686,0.3333333333333333,0.38823529411764707,0.2823529411764706,0.1607843137254902,0.24705882352941178,0.2784313725490196,0.2549019607843137,0.41568627450980394,0.5098039215686274,0.3803921568627451,0.25882352941176473,0.4,0.6,0.5803921568627451,0.5215686274509804,0.6470588235294118,0.7372549019607844
0.34509803921568627,0.25882352941176473,0.30980392156862746,0.45098039215686275,0.3686274509803922,0.3333333333333333,0.20784313725490197,0.15294117647058825,0.1568627450980392,0.17647058823529413,0.1568627450980392,0.10196078431372549,0.2,0.18823529411764706,0.16470588235294117,0.2823529411764706,0.23137254901960785,0.10588235294117647,0.1411764705882353,0.2980392156862745,0.24705882352941178,0.17254901960784313,0.34901960784313724,0.43137254901960786,0.396078431372549,0.25098039215686274,0.4470588235294118,0.6039215686274509,0.5803921568627451,0.5882352941176471,0.6470588235294118,0.6666666666666666
0.3058823529411765,0.1607843137254902,0.2784313725490196,0.42745098039215684,0.38823529411764707,0.33725490196078434,0.16470588235294117,0.18823529411764706,0.1843137254901961,0.22745098039215686,0.21176470588235294,0.1411764705882353,0.0784313725490196,0.08627450980392157,0.11764705882352941,0.12549019607843137,0.09803921568627451,0.1411764705882353,0.20392156862745098,0.29411764705882354,0.30196078431372547,0.17254901960784313,0.30196078431372547,0.43529411764705883,0.27058823529411763,0.19215686274509805,0.4235294117647059,0.6549019607843137,0.6627450980392157,0.6980392156862745,0.7098039215686275,0.7019607843137254
0.26666666666666666,0.23529411764705882,0.2901960784313726,0.4588235294117647,0.37254901960784315,0.23137254901960785,0.1843137254901961,0.24313725490196078,0.24313725490196078,0.3176470588235294,0.23529411764705882,0.1607843137254902,0.1568627450980392,0.12549019607843137,0.12156862745098039,0.1568627450980392,0.23137254901960785,0.26666666666666666,0.1843137254901961,0.3333333333333333,0.4823529411764706,0.43529411764705883,0.4745098039215686,0.5607843137254902,0.5411764705882353,0.23921568627450981,0.3568627450980392,0.6901960784313725,0.6901960784313725,0.615686274509804,0.6862745098039216,0.6862745098039216
0.2235294117647059,0.3254901960784314,0.44313725490196076,0.5254901960784314,0.47058823529411764,0.19215686274509805,0.16470588235294117,0.28627450980392155,0.25098039215686274,0.23529411764705882,0.1843137254901961,0.1607843137254902,0.19607843137254902,0.20784313725490197,0.22745098039215686,0.29411764705882354,0.3137254901960784,0.22745098039215686,0.1843137254901961,0.27450980392156865,0.5333333333333333,0.6235294117647059,0.43137254901960786,0.4117647058823529,0.6549019607843137,0.3568627450980392,0.26666666666666666,0.596078431372549,0.6196078431372549,0.5333333333333333,0.6745098039215687,0.6627450980392157
0.48627450980392156,0.6431372549019608,0.6,0.4666666666666667,0.5411764705882353,0.6980392156862745,0.6745098039215687,0.6078431372549019,0.7176470588235294,0.5725490196078431,0.3607843137254902,0.6235294117647059,0.7725490196078432,0.5686274509803921,0.592156862745098,0.4196078431372549,0.3764705882352941,0.42745098039215684,0.5137254901960784,0.5176470588235295,0.5215686274509804,0.4117647058823529,0.3254901960784314,0.396078431372549,0.3411764705882353,0.3686274509803922,0.27450980392156865,0.2784313725490196,0.2823529411764706,0.30980392156862746,0.4117647058823529,0.39215686274509803
0.47058823529411764,0.5686274509803921,0.5843137254901961,0.4588235294117647,0.5254901960784314,0.6745098039215687,0.592156862745098,0.7137254901960784,0.7450980392156863,0.5686274509803921,0.4588235294117647,0.6941176470588235,0.7843137254901961,0.5568627450980392,0.5137254901960784,0.43529411764705883,0.40784313725490196,0.39215686274509803,0.4745098039215686,0.6549019607843137,0.6745098039215687,0.4980392156862745,0.3764705882352941,0.43137254901960786,0.4196078431372549,0.396078431372549,0.39215686274509803,0.3176470588235294,0.36470588235294116,0.3411764705882353,0.3607843137254902,0.3568627450980392
0.4745098039215686,0.5137254901960784,0.615686274509804,0.44313725490196076,0.49019607843137253,0.7215686274509804,0.6627450980392157,0.807843137254902,0.8666666666666667,0.7372549019607844,0.592156862745098,0.6823529411764706,0.6627450980392157,0.4745098039215686,0.32941176470588235,0.36470588235294116,0.41568627450980394,0.49411764705882355,0.4588235294117647,0.45098039215686275,0.5647058823529412,0.5411764705882353,0.43137254901960786,0.5529411764705883,0.44313725490196076,0.2980392156862745,0.39215686274509803,0.29411764705882354,0.42745098039215684,0.36470588235294116,0.32941176470588235,0.4588235294117647
0.4392156862745098,0.5137254901960784,0.6627450980392157,0.4980392156862745,0.396078431372549,0.7607843137254902,0.7843137254901961,0.788235294117647,0.803921568627451,0.6470588235294118,0.5176470588235295,0.6039215686274509,0.4117647058823529,0.3843137254901961,0.3686274509803922,0.29411764705882354,0.2784313725490196,0.3607843137254902,0.3411764705882353,0.3333333333333333,0.4,0.5176470588235295,0.4235294117647059,0.5529411764705883,0.44313725490196076,0.32941176470588235,0.3843137254901961,0.20784313725490197,0.3176470588235294,0.4392156862745098,0.40784313725490196,0.403921568627451
0.4117647058823529,0.4745098039215686,0.6509803921568628,0.5882352941176471,0.6078431372549019,0.7294117647058823,0.7411764705882353,0.8509803921568627,0.7490196078431373,0.6705882352941176,0.5882352941176471,0.44313725490196076,0.39215686274509803,0.42745098039215684,0.35294117647058826,0.19607843137254902,0.1843137254901961,0.25882352941176473,0.23137254901960785,0.2784313725490196,0.3607843137254902,0.32941176470588235,0.30196078431372547,0.36470588235294116,0.35294117647058826,0.2823529411764706,0.3686274509803922,0.2235294117647059,0.30980392156862746,0.43137254901960786,0.4588235294117647,0.4470588235294118
0.40784313725490196,0.45098039215686275,0.6666666666666666,0.6196078431372549,0.7490196078431373,0.7607843137254902,0.6862745098039216,0.6392156862745098,0.6274509803921569,0.615686274509804,0.40784313725490196,0.4117647058823529,0.42745098039215684,0.3215686274509804,0.23921568627450981,0.16862745098039217,0.21176470588235294,0.23137254901960785,0.19215686274509805,0.2235294117647059,0.3137254901960784,0.3333333333333333,0.3764705882352941,0.3058823529411765,0.3607843137254902,0.23529411764705882,0.3411764705882353,0.35294117647058826,0.3764705882352941,0.4196078431372549,0.39215686274509803,0.4980392156862745
0.396078431372549,0.47843137254901963,0.6705882352941176,0.6078431372549019,0.7411764705882353,0.7803921568627451,0.6392156862745098,0.4745098039215686,0.592156862745098,0.4588235294117647,0.3568627450980392,0.33725490196078434,0.3333333333333333,0.2901960784313726,0.20784313725490197,0.19607843137254902,0.19607843137254902,0.23137254901960785,0.20784313725490197,0.21568627450980393,0.29411764705882354,0.39215686274509803,0.4470588235294118,0.44313725490196076,0.30980392156862746,0.22745098039215686,0.5764705882352941,0.6784313725490196,0.37254901960784315,0.35294117647058826,0.3333333333333333,0.4627450980392157
0.3568627450980392,0.40784313725490196,0.6274509803921569,0.5686274509803921,0.7058823529411765,0.8117647058823529,0.7176470588235294,0.4666666666666667,0.47843137254901963,0.34901960784313724,0.2980392156862745,0.21176470588235294,0.2235294117647059,0.1803921568627451,0.21176470588235294,0.2627450980392157,0.23137254901960785,0.24313725490196078,0.2235294117647059,0.24705882352941178,0.23921568627450981,0.3607843137254902,0.43529411764705883,0.5058823529411764,0.3686274509803922,0.3058823529411765,0.6666666666666666,0.7568627450980392,0.4196078431372549,0.42745098039215684,0.3686274509803922,0.4588235294117647
0.37254901960784315,0.4196078431372549,0.48627450980392156,0.4470588235294118,0.6313725490196078,0.8313725490196079,0.5176470588235295,0.34901960784313724,0.34509803921568627,0.24705882352941178,0.20392156862745098,0.20392156862745098,0.2,0.20784313725490197,0.2196078431372549,0.2235294117647059,0.25882352941176473,0.3176470588235294,0.2901960784313726,0.22745098039215686,0.24705882352941178,0.3764705882352941,0.34509803921568627,0.42745098039215684,0.42745098039215684,0.35294117647058826,0.3568627450980392,0.2901960784313726,0.23137254901960785,0.4588235294117647,0.43529411764705883,0.3058823529411765
0.43137254901960786,0.41568627450980394,0.41568627450980394,0.403921568627451,0.6039215686274509,0.6274509803921569,0.2784313725490196,0.25098039215686274,0.23529411764705882,0.23529411764705882,0.25882352941176473,0.2784313725490196,0.3215686274509804,0.30980392156862746,0.23921568627450981,0.2784313725490196,0.3411764705882353,0.34509803921568627,0.27058823529411763,0.23529411764705882,0.25882352941176473,0.30980392156862746,0.2980392156862745,0.27058823529411763,0.42745098039215684,0.37254901960784315,0.30980392156862746,0.24705882352941178,0.24313725490196078,0.30980392156862746,0.6431372549019608,0.4549019607843137
0.40784313725490196,0.28627450980392155,0.3607843137254902,0.29411764705882354,0.5411764705882353,0.39215686274509803,0.23137254901960785,0.2549019607843137,0.27450980392156865,0.23137254901960785,0.24705882352941178,0.29411764705882354,0.3254901960784314,0.2980392156862745,0.37254901960784315,0.4549019607843137,0.4627450980392157,0.43529411764705883,0.30980392156862746,0.3411764705882353,0.4392156862745098,0.44313725490196076,0.3254901960784314,0.23137254901960785,0.2196078431372549,0.3411764705882353,0.403921568627451,0.3607843137254902,0.2784313725490196,0.3176470588235294,0.788235294117647,0.5882352941176471
0.3764705882352941,0.32941176470588235,0.403921568627451,0.3176470588235294,0.4549019607843137,0.44313725490196076,0.27450980392156865,0.2784313725490196,0.3686274509803922,0.2823529411764706,0.2980392156862745,0.3803921568627451,0.33725490196078434,0.34509803921568627,0.49019607843137253,0.5176470588235295,0.403921568627451,0.42745098039215684,0.3568627450980392,0.4196078431372549,0.5058823529411764,0.44313725490196076,0.3568627450980392,0.2784313725490196,0.3176470588235294,0.2823529411764706,0.3843137254901961,0.49411764705882355,0.39215686274509803,0.2627450980392157,0.48627450980392156,0.43137254901960786
0.34901960784313724,0.30980392156862746,0.39215686274509803,0.4392156862745098,0.42745098039215684,0.3764705882352941,0.3254901960784314,0.36470588235294116,0.34901960784313724,0.3176470588235294,0.34509803921568627,0.5215686274509804,0.5529411764705883,0.5607843137254902,0.4980392156862745,0.49019607843137253,0.3764705882352941,0.34509803921568627,0.33725490196078434,0.5294117647058824,0.5058823529411764,0.4627450980392157,0.3568627450980392,0.3176470588235294,0.3333333333333333,0.22745098039215686,0.3215686274509804,0.5019607843137255,0.6627450980392157,0.40784313725490196,0.19607843137254902,0.403921568627451
0.27058823529411763,0.23137254901960785,0.34509803921568627,0.4549019607843137,0.4588235294117647,0.4,0.30196078431372547,0.2784313725490196,0.32941176470588235,0.3764705882352941,0.35294117647058826,0.396078431372549,0.5215686274509804,0.5019607843137255,0.47058823529411764,0.5607843137254902,0.5176470588235295,0.4196078431372549,0.48627450980392156,0.5882352941176471,0.5019607843137255,0.4627450980392157,0.4196078431372549,0.3215686274509804,0.34901960784313724,0.24705882352941178,0.4470588235294118,0.615686274509804,0.6313725490196078,0.5294117647058824,0.2196078431372549,0.33725490196078434
0.2784313725490196,0.34901960784313724,0.3411764705882353,0.43137254901960786,0.36470588235294116,0.40784313725490196,0.3568627450980392,0.28627450980392155,0.3137254901960784,0.3254901960784314,0.33725490196078434,0.3843137254901961,0.4470588235294118,0.3803921568627451,0.47843137254901963,0.6196078431372549,0.5647058823529412,0.5725490196078431,0.5882352941176471,0.5137254901960784,0.5019607843137255,0.43137254901960786,0.38823529411764707,0.30196078431372547,0.30196078431372547,0.3176470588235294,0.47058823529411764,0.7058823529411765,0.6980392156862745,0.5294117647058824,0.23921568627450981,0.24313725490196078
0.26666666666666666,0.4392156862745098,0.37254901960784315,0.3176470588235294,0.23921568627450981,0.34901960784313724,0.4,0.28627450980392155,0.24313725490196078,0.2823529411764706,0.3686274509803922,0.4627450980392157,0.49411764705882355,0.5176470588235295,0.5764705882352941,0.6549019607843137,0.5254901960784314,0.48627450980392156,0.396078431372549,0.43137254901960786,0.47058823529411764,0.40784313725490196,0.33725490196078434,0.27450980392156865,0.34509803921568627,0.403921568627451,0.4235294117647059,0.596078431372549,0.7450980392156863,0.6274509803921569,0.3137254901960784,0.23137254901960785
0.23137254901960785,0.4666666666666667,0.396078431372549,0.21176470588235294,0.23529411764705882,0.30980392156862746,0.3254901960784314,0.3176470588235294,0.3333333333333333,0.3803921568627451,0.36470588235294116,0.3568627450980392,0.3686274509803922,0.5333333333333333,0.615686274509804,0.6196078431372549,0.5294117647058824,0.42745098039215684,0.37254901960784315,0.403921568627451,0.4470588235294118,0.32941176470588235,0.21568627450980393,0.2549019607843137,0.39215686274509803,0.44313725490196076,0.43529411764705883,0.6,0.7372549019607844,0.6313725490196078,0.2549019607843137,0.1568627450980392
0.25098039215686274,0.37254901960784315,0.2980392156862745,0.23137254901960785,0.18823529411764706,0.23921568627450981,0.24313725490196078,0.2627450980392157,0.39215686274509803,0.44313725490196076,0.48627450980392156,0.45098039215686275,0.34509803921568627,0.3411764705882353,0.5843137254901961,0.6039215686274509,0.4117647058823529,0.35294117647058826,0.42745098039215684,0.49019607843137253,0.4745098039215686,0.34509803921568627,0.26666666666666666,0.3058823529411765,0.4666666666666667,0.4549019607843137,0.33725490196078434,0.615686274509804,0.7372549019607844,0.6,0.2627450980392157,0.17254901960784313
0.2784313725490196,0.3333333333333333,0.29411764705882354,0.2235294117647059,0.15294117647058825,0.22745098039215686,0.36470588235294116,0.2,0.23137254901960785,0.34509803921568627,0.5490196078431373,0.5450980392156862,0.35294117647058826,0.45098039215686275,0.596078431372549,0.4980392156862745,0.35294117647058826,0.47843137254901963,0.6470588235294118,0.6352941176470588,0.4980392156862745,0.4745098039215686,0.4392156862745098,0.41568627450980394,0.5215686274509804,0.3764705882352941,0.3803921568627451,0.5843137254901961,0.6980392156862745,0.6431372549019608,0.3058823529411765,0.18823529411764706
0.39215686274509803,0.38823529411764707,0.3568627450980392,0.24313725490196078,0.17647058823529413,0.27058823529411763,0.47058823529411764,0.22745098039215686,0.1568627450980392,0.2823529411764706,0.5725490196078431,0.4823529411764706,0.3254901960784314,0.5450980392156862,0.6627450980392157,0.5215686274509804,0.4823529411764706,0.4666666666666667,0.6313725490196078,0.5725490196078431,0.4549019607843137,0.4117647058823529,0.3843137254901961,0.396078431372549,0.34509803921568627,0.30196078431372547,0.5372549019607843,0.615686274509804,0.6313725490196078,0.6549019607843137,0.4470588235294118,0.19215686274509805
0.34509803921568627,0.4549019607843137,0.44313725490196076,0.2901960784313726,0.2235294117647059,0.2784313725490196,0.43529411764705883,0.4117647058823529,0.1411764705882353,0.20392156862745098,0.5019607843137255,0.5215686274509804,0.44313725490196076,0.5725490196078431,0.6705882352941176,0.6196078431372549,0.5372549019607843,0.4745098039215686,0.6627450980392157,0.6196078431372549,0.44313725490196076,0.3333333333333333,0.27058823529411763,0.26666666666666666,0.25098039215686274,0.2823529411764706,0.5607843137254902,0.7294117647058823,0.7333333333333333,0.6784313725490196,0.5764705882352941,0.34509803921568627
0.2980392156862745,0.43137254901960786,0.4588235294117647,0.41568627450980394,0.34509803921568627,0.3686274509803922,0.43137254901960786,0.5607843137254902,0.30196078431372547,0.19215686274509805,0.403921568627451,0.5490196078431373,0.4196078431372549,0.5882352941176471,0.7647058823529411,0.6549019607843137,0.5450980392156862,0.5529411764705883,0.5294117647058824,0.36470588235294116,0.2,0.20784313725490197,0.2235294117647059,0.25882352941176473,0.2980392156862745,0.30196078431372547,0.5450980392156862,0.6745098039215687,0.7568627450980392,0.7019607843137254,0.615686274509804,0.36470588235294116
0.3333333333333333,0.32941176470588235,0.403921568627451,0.28627450980392155,0.3411764705882353,0.34901960784313724,0.38823529411764707,0.5294117647058824,0.5411764705882353,0.3137254901960784,0.4745098039215686,0.6235294117647059,0.4823529411764706,0.5764705882352941,0.8235294117647058,0.6,0.44313725490196076,0.5058823529411764,0.4549019607843137,0.3568627450980392,0.21176470588235294,0.14901960784313725,0.27450980392156865,0.35294117647058826,0.36470588235294116,0.36470588235294116,0.6941176470588235,0.7725490196078432,0.792156862745098,0.6941176470588235,0.615686274509804,0.4
0.3058823529411765,0.3411764705882353,0.38823529411764707,0.32941176470588235,0.3137254901960784,0.2823529411764706,0.34509803921568627,0.49019607843137253,0.6470588235294118,0.36470588235294116,0.3176470588235294,0.5607843137254902,0.49411764705882355,0.6588235294117647,0.8549019607843137,0.596078431372549,0.4,0.48627450980392156,0.39215686274509803,0.3254901960784314,0.33725490196078434,0.36470588235294116,0.3803921568627451,0.3333333333333333,0.3843137254901961,0.29411764705882354,0.6784313725490196,0.788235294117647,0.7411764705882353,0.6666666666666666,0.7450980392156863,0.49019607843137253
0.2901960784313726,0.28627450980392155,0.3607843137254902,0.43529411764705883,0.28627450980392155,0.3058823529411765,0.3568627450980392,0.4745098039215686,0.5764705882352941,0.42745098039215684,0.2549019607843137,0.39215686274509803,0.403921568627451,0.615686274509804,0.6980392156862745,0.5215686274509804,0.43529411764705883,0.40784313725490196,0.20392156862745098,0.34509803921568627,0.4235294117647059,0.5019607843137255,0.3333333333333333,0.5098039215686274,0.40784313725490196,0.30196078431372547,0.7058823529411765,0.7411764705882353,0.7058823529411765,0.7137254901960784,0.7607843137254902,0.5490196078431373
0.2980392156862745,0.2196078431372549,0.27058823529411763,0.43529411764705883,0.3568627450980392,0.3333333333333333,0.24705882352941178,0.2980392156862745,0.44313725490196076,0.4,0.4196078431372549,0.34901960784313724,0.2627450980392157,0.5372549019607843,0.5647058823529412,0.3764705882352941,0.29411764705882354,0.27058823529411763,0.32941176470588235,0.33725490196078434,0.25882352941176473,0.2784313725490196,0.3607843137254902,0.7215686274509804,0.5647058823529412,0.3843137254901961,0.6549019607843137,0.7568627450980392,0.7254901960784313,0.7411764705882353,0.6941176470588235,0.6
0.3764705882352941,0.3058823529411765,0.2901960784313726,0.5176470588235295,0.33725490196078434,0.24705882352941178,0.19607843137254902,0.20784313725490197,0.29411764705882354,0.25882352941176473,0.33725490196078434,0.36470588235294116,0.21176470588235294,0.4627450980392157,0.5411764705882353,0.37254901960784315,0.25882352941176473,0.3411764705882353,0.3764705882352941,0.17647058823529413,0.24313725490196078,0.26666666666666666,0.4,0.6352941176470588,0.5607843137254902,0.3215686274509804,0.5254901960784314,0.7254901960784313,0.7254901960784313,0.7098039215686275,0.6666666666666666,0.6901960784313725
0.4235294117647059,0.34901960784313724,0.3411764705882353,0.5294117647058824,0.38823529411764707,0.29411764705882354,0.20784313725490197,0.19607843137254902,0.16862745098039217,0.16470588235294117,0.1411764705882353,0.21568627450980393,0.2823529411764706,0.26666666666666666,0.2784313725490196,0.3686274509803922,0.396078431372549,0.2549019607843137,0.1411764705882353,0.24705882352941178,0.29411764705882354,0.2823529411764706,0.4392156862745098,0.5137254901960784,0.37254901960784315,0.25098039215686274,0.4,0.6,0.5803921568627451,0.5176470588235295,0.6352941176470588,0.7333333333333333
0.35294117647058826,0.26666666666666666,0.3176470588235294,0.4549019607843137,0.3686274509803922,0.3333333333333333,0.20784313725490197,0.15294117647058825,0.15294117647058825,0.1803921568627451,0.17254901960784313,0.12156862745098039,0.19607843137254902,0.1803921568627451,0.17647058823529413,0.2784313725490196,0.2235294117647059,0.12156862745098039,0.16470588235294117,0.3254901960784314,0.27058823529411763,0.21176470588235294,0.3803921568627451,0.43529411764705883,0.3803921568627451,0.23921568627450981,0.4470588235294118,0.6039215686274509,0.5803921568627451,0.5843137254901961,0.6352941176470588,0.6627450980392157
0.30980392156862746,0.17254901960784313,0.2901960784313726,0.44313725490196076,0.403921568627451,0.34901960784313724,0.16470588235294117,0.1803921568627451,0.19215686274509805,0.24313725490196078,0.23529411764705882,0.17254901960784313,0.09411764705882353,0.09411764705882353,0.12941176470588237,0.12549019607843137,0.10588235294117647,0.1803921568627451,0.25098039215686274,0.32941176470588235,0.3215686274509804,0.19607843137254902,0.3176470588235294,0.43529411764705883,0.2549019607843137,0.1803921568627451,0.4235294117647059,0.6509803921568628,0.6588235294117647,0.6941176470588235,0.7019607843137254,0.6980392156862745
0.26666666666666666,0.25098039215686274,0.30980392156862746,0.4823529411764706,0.396078431372549,0.24705882352941178,0.1843137254901961,0.23921568627450981,0.2549019607843137,0.3411764705882353,0.26666666666666666,0.2,0.18823529411764706,0.1568627450980392,0.1411764705882353,0.1607843137254902,0.24705882352941178,0.3058823529411765,0.23921568627450981,0.37254901960784315,0.49411764705882355,0.4470588235294118,0.4745098039215686,0.5568627450980392,0.5294117647058824,0.23137254901960785,0.35294117647058826,0.6862745098039216,0.6862745098039216,0.611764705882353,0.6784313725490196,0.6784313725490196
0.22745098039215686,0.3411764705882353,0.4627450980392157,0.5411764705882353,0.48627450980392156,0.20392156862745098,0.16862745098039217,0.2901960784313726,0.2627450980392157,0.2549019607843137,0.21568627450980393,0.19607843137254902,0.2235294117647059,0.23137254901960785,0.24313725490196078,0.2980392156862745,0.3254901960784314,0.27058823529411763,0.23921568627450981,0.3137254901960784,0.5450980392156862,0.6352941176470588,0.43529411764705883,0.4117647058823529,0.6392156862745098,0.34509803921568627,0.2627450980392157,0.592156862745098,0.615686274509804,0.5254901960784314,0.6666666666666666,0.6549019607843137
0.42745098039215684,0.5882352941176471,0.5372549019607843,0.4196078431372549,0.5254901960784314,0.7058823529411765,0.6784313725490196,0.6039215686274509,0.7058823529411765,0.5568627450980392,0.3411764705882353,0.611764705882353,0.7686274509803922,0.5215686274509804,0.5098039215686274,0.3607843137254902,0.34509803921568627,0.3803921568627451,0.4470588235294118,0.4627450980392157,0.49019607843137253,0.3764705882352941,0.3058823529411765,0.39215686274509803,0.3176470588235294,0.3215686274509804,0.24313725490196078,0.27450980392156865,0.27450980392156865,0.28627450980392155,0.37254901960784315,0.32941176470588235
0.4196078431372549,0.5176470588235295,0.5098039215686274,0.4,0.5019607843137255,0.6745098039215687,0.596078431372549,0.7058823529411765,0.7450980392156863,0.5607843137254902,0.44313725490196076,0.6784313725490196,0.7607843137254902,0.5058823529411764,0.4392156862745098,0.37254901960784315,0.36470588235294116,0.35294117647058826,0.4235294117647059,0.6235294117647059,0.6745098039215687,0.47843137254901963,0.35294117647058826,0.4117647058823529,0.4,0.3411764705882353,0.32941176470588235,0.29411764705882354,0.3568627450980392,0.3254901960784314,0.32941176470588235,0.3058823529411765
0.42745098039215684,0.4627450980392157,0.5254901960784314,0.3686274509803922,0.4588235294117647,0.7176470588235294,0.6666666666666666,0.803921568627451,0.8666666666666667,0.7294117647058823,0.5803921568627451,0.6745098039215687,0.6431372549019608,0.44313725490196076,0.2901960784313726,0.3215686274509804,0.37254901960784315,0.45098039215686275,0.403921568627451,0.403921568627451,0.5529411764705883,0.5254901960784314,0.4,0.5176470588235295,0.4235294117647059,0.25882352941176473,0.34901960784313724,0.2823529411764706,0.4235294117647059,0.34901960784313724,0.3058823529411765,0.41568627450980394
0.39215686274509803,0.4627450980392157,0.5725490196078431,0.41568627450980394,0.3686274509803922,0.7568627450980392,0.796078431372549,0.792156862745098,0.8,0.6352941176470588,0.5098039215686274,0.6078431372549019,0.40784313725490196,0.3803921568627451,0.36470588235294116,0.2784313725490196,0.25098039215686274,0.3137254901960784,0.27450980392156865,0.2627450980392157,0.3568627450980392,0.4980392156862745,0.38823529411764707,0.5098039215686274,0.42745098039215684,0.3215686274509804,0.3803921568627451,0.2196078431372549,0.30980392156862746,0.41568627450980394,0.39215686274509803,0.3686274509803922
0.3568627450980392,0.4196078431372549,0.5725490196078431,0.5098039215686274,0.5686274509803921,0.7294117647058823,0.7568627450980392,0.8588235294117647,0.7450980392156863,0.6588235294117647,0.5803921568627451,0.4392156862745098,0.3803921568627451,0.41568627450980394,0.34509803921568627,0.19607843137254902,0.17647058823529413,0.23529411764705882,0.19215686274509805,0.23921568627450981,0.32941176470588235,0.2901960784313726,0.25882352941176473,0.33725490196078434,0.34509803921568627,0.2901960784313726,0.3803921568627451,0.22745098039215686,0.28627450980392155,0.40784313725490196,0.45098039215686275,0.42745098039215684
0.34901960784313724,0.4,0.6,0.5490196078431373,0.7137254901960784,0.7607843137254902,0.6980392156862745,0.6431372549019608,0.6196078431372549,0.6078431372549019,0.4,0.4,0.40784313725490196,0.2980392156862745,0.2235294117647059,0.16862745098039217,0.21176470588235294,0.21568627450980393,0.17254901960784313,0.20392156862745098,0.2980392156862745,0.2901960784313726,0.33725490196078434,0.2901960784313726,0.3607843137254902,0.24313725490196078,0.34509803921568627,0.34509803921568627,0.35294117647058826,0.39215686274509803,0.38823529411764707,0.47843137254901963
0.34901960784313724,0.43137254901960786,0.6078431372549019,0.5529411764705883,0.7176470588235294,0.788235294117647,0.6470588235294118,0.4745098039215686,0.5843137254901961,0.45098039215686275,0.34901960784313724,0.32941176470588235,0.3137254901960784,0.26666666666666666,0.19607843137254902,0.19607843137254902,0.19607843137254902,0.2196078431372549,0.19215686274509805,0.19607843137254902,0.2784313725490196,0.3607843137254902,0.41568627450980394,0.4235294117647059,0.30196078431372547,0.2235294117647059,0.5686274509803921,0.6666666666666666,0.3568627450980392,0.33725490196078434,0.3254901960784314,0.45098039215686275
0.3176470588235294,0.37254901960784315,0.5764705882352941,0.5215686274509804,0.6862745098039216,0.8235294117647058,0.7294117647058823,0.4666666666666667,0.47058823529411764,0.3411764705882353,0.2901960784313726,0.20392156862745098,0.20392156862745098,0.1607843137254902,0.19607843137254902,0.2627450980392157,0.23529411764705882,0.23921568627450981,0.21568627450980393,0.23921568627450981,0.23529411764705882,0.3411764705882353,0.4117647058823529,0.49019607843137253,0.3568627450980392,0.28627450980392155,0.6470588235294118,0.7450980392156863,0.4117647058823529,0.42745098039215684,0.3568627450980392,0.4470588235294118
0.3411764705882353,0.396078431372549,0.44313725490196076,0.4,0.611764705882353,0.8431372549019608,0.5333333333333333,0.35294117647058826,0.33725490196078434,0.23921568627450981,0.19607843137254902,0.19607843137254902,0.1803921568627451,0.1843137254901961,0.20392156862745098,0.2196078431372549,0.2627450980392157,0.3176470588235294,0.2823529411764706,0.2235294117647059,0.24313725490196078,0.3607843137254902,0.3254901960784314,0.4117647058823529,0.4117647058823529,0.3254901960784314,0.32941176470588235,0.2784313725490196,0.23529411764705882,0.4666666666666667,0.4235294117647059,0.2980392156862745
0.396078431372549,0.396078431372549,0.3843137254901961,0.3686274509803922,0.5764705882352941,0.615686274509804,0.2784313725490196,0.25098039215686274,0.22745098039215686,0.22745098039215686,0.24313725490196078,0.25882352941176473,0.2980392156862745,0.2823529411764706,0.21568627450980393,0.2627450980392157,0.32941176470588235,0.3333333333333333,0.26666666666666666,0.22745098039215686,0.23921568627450981,0.28627450980392155,0.27058823529411763,0.24313725490196078,0.4,0.3254901960784314,0.27450980392156865,0.24705882352941178,0.24705882352941178,0.30196078431372547,0.6352941176470588,0.4470588235294118
0.3764705882352941,0.27058823529411763,0.33725490196078434,0.2627450980392157,0.5137254901960784,0.3764705882352941,0.2235294117647059,0.25098039215686274,0.26666666666666666,0.2196078431372549,0.2235294117647059,0.27058823529411763,0.3137254901960784,0.28627450980392155,0.3568627450980392,0.45098039215686275,0.4588235294117647,0.42745098039215684,0.3058823529411765,0.32941176470588235,0.4117647058823529,0.4117647058823529,0.29411764705882354,0.2,0.18823529411764706,0.29411764705882354,0.36470588235294116,0.3607843137254902,0.28627450980392155,0.30980392156862746,0.7843137254901961,0.5843137254901961
0.3411764705882353,0.30980392156862746,0.3803921568627451,0.29411764705882354,0.43137254901960786,0.42745098039215684,0.27058823529411763,0.2784313725490196,0.3607843137254902,0.27058823529411763,0.2784313725490196,0.3568627450980392,0.3411764705882353,0.3607843137254902,0.5019607843137255,0.5411764705882353,0.4196078431372549,0.43529411764705883,0.36470588235294116,0.40784313725490196,0.47058823529411764,0.40784313725490196,0.32941176470588235,0.24705882352941178,0.2901960784313726,0.23921568627450981,0.34901960784313724,0.47843137254901963,0.39215686274509803,0.27058823529411763,0.4823529411764706,0.43137254901960786
0.3215686274509804,0.2980392156862745,0.37254901960784315,0.41568627450980394,0.40784313725490196,0.36470588235294116,0.3254901960784314,0.3686274509803922,0.3411764705882353,0.3058823529411765,0.3215686274509804,0.4980392156862745,0.5607843137254902,0.5764705882352941,0.5137254901960784,0.5137254901960784,0.396078431372549,0.3568627450980392,0.34901960784313724,0.5176470588235295,0.47058823529411764,0.42745098039215684,0.32941176470588235,0.28627450980392155,0.30196078431372547,0.19607843137254902,0.28627450980392155,0.47058823529411764,0.6588235294117647,0.4196078431372549,0.19215686274509805,0.4
0.24313725490196078,0.2196078431372549,0.32941176470588235,0.43529411764705883,0.44313725490196076,0.39215686274509803,0.30196078431372547,0.2823529411764706,0.3215686274509804,0.36470588235294116,0.3333333333333333,0.37254901960784315,0.5215686274509804,0.5058823529411764,0.4745098039215686,0.5725490196078431,0.5372549019607843,0.4392156862745098,0.4980392156862745,0.5764705882352941,0.4588235294117647,0.42745098039215684,0.38823529411764707,0.2901960784313726,0.3176470588235294,0.2196078431372549,0.4117647058823529,0.5725490196078431,0.6196078431372549,0.5450980392156862,0.20784313725490197,0.3254901960784314
0.27058823529411763,0.34509803921568627,0.3333333333333333,0.42745098039215684,0.3607843137254902,0.403921568627451,0.3568627450980392,0.28627450980392155,0.2980392156862745,0.3215686274509804,0.33725490196078434,0.38823529411764707,0.4549019607843137,0.3803921568627451,0.49019607843137253,0.6431372549019608,0.5803921568627451,0.5843137254901961,0.592156862745098,0.5058823529411764,0.47843137254901963,0.39215686274509803,0.3607843137254902,0.27450980392156865,0.2549019607843137,0.27058823529411763,0.43137254901960786,0.6705882352941176,0.6862745098039216,0.5333333333333333,0.22745098039215686,0.22745098039215686
0.26666666666666666,0.4392156862745098,0.37254901960784315,0.3176470588235294,0.23921568627450981,0.34901960784313724,0.4,0.2823529411764706,0.2235294117647059,0.2823529411764706,0.3803921568627451,0.4745098039215686,0.5098039215686274,0.5254901960784314,0.596078431372549,0.6823529411764706,0.5411764705882353,0.4980392156862745,0.403921568627451,0.43529411764705883,0.47058823529411764,0.39215686274509803,0.3254901960784314,0.25882352941176473,0.28627450980392155,0.3411764705882353,0.3803921568627451,0.5725490196078431,0.7411764705882353,0.6313725490196078,0.30980392156862746,0.2235294117647059
0.23137254901960785,0.4666666666666667,0.396078431372549,0.21176470588235294,0.23529411764705882,0.30980392156862746,0.3254901960784314,0.3137254901960784,0.3215686274509804,0.3803921568627451,0.37254901960784315,0.3607843137254902,0.38823529411764707,0.5411764705882353,0.6352941176470588,0.6470588235294118,0.5411764705882353,0.4392156862745098,0.3843137254901961,0.4196078431372549,0.4588235294117647,0.3333333333333333,0.2235294117647059,0.24313725490196078,0.33725490196078434,0.3803921568627451,0.396078431372549,0.5803921568627451,0.7411764705882353,0.6470588235294118,0.2549019607843137,0.1568627450980392
0.25098039215686274,0.37254901960784315,0.2980392156862745,0.23137254901960785,0.18823529411764706,0.23921568627450981,0.24313725490196078,0.25882352941176473,0.3843137254901961,0.4470588235294118,0.4980392156862745,0.4549019607843137,0.3607843137254902,0.3568627450980392,0.6039215686274509,0.6274509803921569,0.4117647058823529,0.34509803921568627,0.4235294117647059,0.4980392156862745,0.48627450980392156,0.3254901960784314,0.24313725490196078,0.27450980392156865,0.396078431372549,0.3843137254901961,0.29411764705882354,0.592156862745098,0.7450980392156863,0.611764705882353,0.2627450980392157,0.16862745098039217
0.2784313725490196,0.3333333333333333,0.29411764705882354,0.2235294117647059,0.15294117647058825,0.22745098039215686,0.36470588235294116,0.2,0.22745098039215686,0.34901960784313724,0.5568627450980392,0.5450980392156862,0.37254901960784315,0.4666666666666667,0.615686274509804,0.5176470588235295,0.34509803921568627,0.45098039215686275,0.6274509803921569,0.6313725490196078,0.49019607843137253,0.41568627450980394,0.3764705882352941,0.3607843137254902,0.4470588235294118,0.30196078431372547,0.32941176470588235,0.5529411764705883,0.7019607843137254,0.6549019607843137,0.2980392156862745,0.17647058823529413
0.39215686274509803,0.38823529411764707,0.3568627450980392,0.24313725490196078,0.17647058823529413,0.27058823529411763,0.47058823529411764,0.22745098039215686,0.16470588235294117,0.2980392156862745,0.5882352941176471,0.4980392156862745,0.34509803921568627,0.5568627450980392,0.6745098039215687,0.5333333333333333,0.49019607843137253,0.4666666666666667,0.6313725490196078,0.5686274509803921,0.44313725490196076,0.3686274509803922,0.32941176470588235,0.34509803921568627,0.3058823529411765,0.27450980392156865,0.5019607843137255,0.5803921568627451,0.615686274509804,0.6509803921568628,0.43529411764705883,0.1803921568627451
0.34509803921568627,0.4549019607843137,0.44313725490196076,0.2901960784313726,0.2235294117647059,0.2784313725490196,0.43529411764705883,0.4117647058823529,0.15294117647058825,0.21568627450980393,0.5176470588235295,0.5372549019607843,0.4627450980392157,0.592156862745098,0.6862745098039216,0.6392156862745098,0.5607843137254902,0.49411764705882355,0.6705882352941176,0.611764705882353,0.42745098039215684,0.3058823529411765,0.22745098039215686,0.2196078431372549,0.23137254901960785,0.2784313725490196,0.5411764705882353,0.6901960784313725,0.7058823529411765,0.6666666666666666,0.5647058823529412,0.3333333333333333
0.2980392156862745,0.43137254901960786,0.4588235294117647,0.41568627450980394,0.34509803921568627,0.3686274509803922,0.43137254901960786,0.5607843137254902,0.30196078431372547,0.19607843137254902,0.4117647058823529,0.5568627450980392,0.4392156862745098,0.615686274509804,0.792156862745098,0.6823529411764706,0.5647058823529412,0.5647058823529412,0.5294117647058824,0.35294117647058826,0.1803921568627451,0.1803921568627451,0.1803921568627451,0.21568627450980393,0.2784313725490196,0.2980392156862745,0.5254901960784314,0.6392156862745098,0.7333333333333333,0.6901960784313725,0.6039215686274509,0.35294117647058826
0.3333333333333333,0.32941176470588235,0.403921568627451,0.28627450980392155,0.3411764705882353,0.34901960784313724,0.38823529411764707,0.5294117647058824,0.5333333333333333,0.30980392156862746,0.4745098039215686,0.6235294117647059,0.49411764705882355,0.6,0.8549019607843137,0.6235294117647059,0.4549019607843137,0.5098039215686274,0.4470588235294118,0.3333333333333333,0.1803921568627451,0.12549019607843137,0.23529411764705882,0.3137254901960784,0.35294117647058826,0.36470588235294116,0.6745098039215687,0.7333333333333333,0.7647058823529411,0.6862745098039216,0.6078431372549019,0.38823529411764707
0.3058823529411765,0.3411764705882353,0.38823529411764707,0.32941176470588235,0.3137254901960784,0.2823529411764706,0.34901960784313724,0.48627450980392156,0.6313725490196078,0.34901960784313724,0.30980392156862746,0.5529411764705883,0.49411764705882355,0.6784313725490196,0.8823529411764706,0.615686274509804,0.403921568627451,0.48627450980392156,0.3764705882352941,0.29411764705882354,0.30196078431372547,0.34901960784313724,0.3568627450980392,0.3058823529411765,0.3843137254901961,0.30196078431372547,0.6588235294117647,0.7490196078431373,0.7176470588235294,0.6549019607843137,0.7333333333333333,0.47843137254901963
0.28627450980392155,0.28627450980392155,0.3568627450980392,0.43529411764705883,0.28627450980392155,0.3058823529411765,0.3568627450980392,0.4745098039215686,0.5686274509803921,0.3843137254901961,0.20392156862745098,0.3764705882352941,0.4,0.6274509803921569,0.7333333333333333,0.5568627450980392,0.4549019607843137,0.396078431372549,0.1568627450980392,0.2901960784313726,0.3843137254901961,0.4823529411764706,0.3137254901960784,0.48627450980392156,0.396078431372549,0.29411764705882354,0.6941176470588235,0.7215686274509804,0.6901960784313725,0.7058823529411765,0.7529411764705882,0.5411764705882353
0.29411764705882354,0.21568627450980393,0.26666666666666666,0.43137254901960786,0.3568627450980392,0.3333333333333333,0.24705882352941178,0.30196078431372547,0.44313725490196076,0.35294117647058826,0.3607843137254902,0.3333333333333333,0.25882352941176473,0.5490196078431373,0.592156862745098,0.40784313725490196,0.30196078431372547,0.23921568627450981,0.26666666666666666,0.2823529411764706,0.23529411764705882,0.27450980392156865,0.3568627450980392,0.7137254901960784,0.5607843137254902,0.3764705882352941,0.6470588235294118,0.7490196078431373,0.7176470588235294,0.7333333333333333,0.6901960784313725,0.592156862745098
0.37254901960784315,0.30196078431372547,0.28627450980392155,0.5176470588235295,0.33725490196078434,0.24705882352941178,0.19607843137254902,0.21176470588235294,0.29411764705882354,0.22745098039215686,0.30196078431372547,0.35294117647058826,0.20784313725490197,0.4666666666666667,0.5568627450980392,0.3843137254901961,0.24313725490196078,0.2901960784313726,0.3215686274509804,0.1450980392156863,0.24313725490196078,0.27450980392156865,0.40784313725490196,0.6509803921568628,0.5803921568627451,0.3254901960784314,0.5176470588235295,0.7176470588235294,0.7176470588235294,0.7058823529411765,0.6627450980392157,0.6823529411764706
0.4196078431372549,0.34509803921568627,0.33725490196078434,0.5294117647058824,0.38823529411764707,0.29411764705882354,0.20784313725490197,0.19607843137254902,0.17254901960784313,0.1568627450980392,0.12941176470588237,0.20784313725490197,0.2784313725490196,0.27058823529411763,0.28627450980392155,0.3607843137254902,0.36470588235294116,0.2196078431372549,0.11764705882352941,0.24705882352941178,0.3137254901960784,0.2901960784313726,0.44313725490196076,0.5254901960784314,0.38823529411764707,0.2549019607843137,0.39215686274509803,0.592156862745098,0.5725490196078431,0.5137254901960784,0.6313725490196078,0.7254901960784313
0.34901960784313724,0.2627450980392157,0.3137254901960784,0.4549019607843137,0.3686274509803922,0.3333333333333333,0.21176470588235294,0.15294117647058825,0.15294117647058825,0.18823529411764706,0.17647058823529413,0.11764705882352941,0.19607843137254902,0.19607843137254902,0.1843137254901961,0.2627450980392157,0.2,0.11764705882352941,0.1803921568627451,0.3568627450980392,0.30196078431372547,0.20392156862745098,0.3607843137254902,0.42745098039215684,0.3764705882352941,0.23529411764705882,0.4392156862745098,0.596078431372549,0.5725490196078431,0.5764705882352941,0.6313725490196078,0.6549019607843137
0.3058823529411765,0.16862745098039217,0.29411764705882354,0.4549019607843137,0.40784313725490196,0.33725490196078434,0.16470588235294117,0.19607843137254902,0.19215686274509805,0.24705882352941178,0.24313725490196078,0.17647058823529413,0.10588235294117647,0.09803921568627451,0.11764705882352941,0.10588235294117647,0.10196078431372549,0.20784313725490197,0.2901960784313726,0.36470588235294116,0.34509803921568627,0.20392156862745098,0.3176470588235294,0.43529411764705883,0.24705882352941178,0.17254901960784313,0.41568627450980394,0.6431372549019608,0.6509803921568628,0.6862745098039216,0.6980392156862745,0.6901960784313725
0.25882352941176473,0.24705882352941178,0.3176470588235294,0.4980392156862745,0.4,0.23137254901960785,0.18823529411764706,0.2627450980392157,0.25882352941176473,0.34509803921568627,0.2784313725490196,0.21568627450980393,0.2196078431372549,0.16862745098039217,0.13725490196078433,0.16470588235294117,0.26666666666666666,0.3411764705882353,0.2784313725490196,0.403921568627451,0.5098039215686274,0.4666666666666667,0.4980392156862745,0.5647058823529412,0.5294117647058824,0.2235294117647059,0.34509803921568627,0.6784313725490196,0.6784313725490196,0.6039215686274509,0.6823529411764706,0.6823529411764706
0.21568627450980393,0.33725490196078434,0.47058823529411764,0.5568627450980392,0.49411764705882355,0.19215686274509805,0.16862745098039217,0.30980392156862746,0.27450980392156865,0.26666666666666666,0.23529411764705882,0.2235294117647059,0.27450980392156865,0.27450980392156865,0.2627450980392157,0.3254901960784314,0.3607843137254902,0.30196078431372547,0.2784313725490196,0.34509803921568627,0.5568627450980392,0.6470588235294118,0.45098039215686275,0.4196078431372549,0.6549019607843137,0.34901960784313724,0.2549019607843137,0.5843137254901961,0.6078431372549019,0.5254901960784314,0.6784313725490196,0.6666666666666666
